12|15|89|2013-06-21
140|63|100|2013-04-04
104|109|97|2013-03-20
135|155|77|2016-03-08
65|150|54|2016-12-01
15|76|99|2015-09-29
175|247|95|2015-02-24
25|225|97|2012-04-21
142|66|27|2013-11-05
214|120|63|2013-02-06
235|92|98|2012-10-10
222|249|79|2012-01-04
164|24|51|2011-09-29
62|129|70|2014-05-13
214|124|95|2012-03-06
224|160|45|2015-10-16
16|103|30|2014-02-24
149|161|71|2010-07-23
71|152|85|2010-05-25
60|66|63|2013-08-28
160|112|47|2012-11-12
248|84|87|2013-11-28
117|40|43|2013-02-14
74|231|66|2014-08-11
117|248|95|2015-11-24
147|178|63|2011-03-09
172|60|21|2017-09-06
123|55|26|2013-09-14
48|6|97|2014-05-06
199|93|74|2015-10-04
183|8|4|2016-09-30
48|140|58|2010-07-25
132|113|13|2011-01-25
63|133|5|2016-10-26
178|64|15|2015-11-09
144|69|19|2010-07-22
198|167|87|2014-04-20
60|28|29|2013-01-18
78|213|63|2013-01-17
61|65|12|2016-12-20
7|35|79|2017-07-09
210|237|80|2011-07-07
148|169|22|2015-06-23
150|190|46|2011-01-06
108|206|15|2013-09-22
243|160|16|2015-08-01
169|27|47|2010-02-23
27|62|3|2013-12-18
213|237|12|2012-09-07
82|49|70|2017-08-21
56|126|6|2015-10-15
145|155|86|2015-02-02
156|129|29|2011-02-23
152|77|8|2014-09-10
52|240|77|2014-06-23
168|33|41|2014-06-07
23|206|76|2011-01-27
187|100|50|2010-11-25
73|16|74|2012-04-03
86|186|28|2010-02-05
133|209|100|2010-10-19
125|96|23|2013-12-21
121|64|19|2016-04-19
237|149|66|2011-12-13
188|19|88|2016-11-23
221|225|37|2011-08-04
147|134|1|2012-08-26
139|29|55|2015-05-10
22|234|18|2015-12-08
139|136|19|2014-02-03
136|22|63|2017-04-19
20|161|33|2013-02-09
58|133|66|2012-09-06
113|165|17|2017-10-30
222|153|54|2013-02-05
130|187|89|2016-08-01
69|128|62|2012-08-07
83|29|45|2016-12-11
170|146|89|2015-04-01
222|111|32|2012-01-29
190|52|37|2016-01-07
197|236|65|2012-09-18
179|106|39|2015-02-18
232|51|84|2017-01-03
243|244|35|2014-02-03
8|118|37|2015-04-07
187|42|47|2011-10-12
179|73|83|2016-03-24
41|171|19|2015-08-30
205|53|3|2014-11-27
126|91|75|2014-06-07
179|86|76|2011-07-03
200|217|56|2014-09-05
99|168|61|2013-08-17
227|16|78|2010-09-04
134|197|44|2016-04-02
223|188|49|2010-09-09
133|102|71|2012-09-14
132|154|26|2011-09-28
245|11|10|2015-01-09
